20200813011821023219405
20200813011821057617046
20200813011821059823931
20200813011821062684081
20200813011821064969271
20200813011821067265401
20200813011821069541900
20200813011821081064109
20200813011821084996630
20200813011821087375143
20200813011821089463291
20200813011821096215861
20200813011821099244135
20200813011821101650005
20200813011821104029613
20200813011821106028172
20200813011821108127704
20200813011821110319186
20200813011821112350316
20200813011821114552848
20200813011821116994215
20200813011821119137013
20200813011821121520269
20200813011821123665076
20200813011821130471491
20200813011821132852868
20200813011821134685270
20200813011821136692922
20200813011821138859843
20200813011821143892592
20200813011821145795672
20200813011821147653548
20200813011821149844048
20200813011821152520678
20200813011821155146885
20200813011821166375225
20200813011821169411788
20200813011821172057685
20200813011821174552361
20200813011821176517788
20200813011821179060274
20200813011821183758202
20200813011821259926067
20200813011821264286515
20200813011821268520618
20200813011821272859630
20200813011821277234606
20200813011821281522369
20200813011821285810396
20200813011821290023313
20200813011821294278162
20200813011821298141012
20200813011821301635743
20200813011821304747922
20200813011821307646081
20200813011821312133756
20200813011821314867935
20200813011821318063621
20200813011821320863493
20200813011821323858786
20200813011821326709871
20200813011821329441397
20200813011821332237890
20200813011821335281431
20200813011821341576759
20200813011821344381204
20200813011821347567088
20200813011821350371206
20200813011821353212682
20200813011821355928104
20200813011821363643284
20200813011821366572160
20200813011821369160002
20200813011821371664609
20200813011821374274545
20200813011821376955762
20200813011821379501796
20200813011821419912816
20200813011821422714261
20200813011821425546724
20200813011821428397964
20200813011821444990483
20200813011821447994785
20200813011821452659621
20200813011821455548220
20200813011821458455681
20200813011821461532156
20200813011821504280915
20200813011821507110998
20200813011821509915742
20200813011821514571108
20200813011821517352961
20200813011821519958693
20200813011821522632889
20200813011821525358422
20200813011821528213347
20200813011821568502488
20200813011821571261294
20200813011821574364165
20200813011821578536059
20200813011821581231139
20200813011821583883696
20200813011821586446953
20200813011821589130646
20200813011821592203893
20200813011821594922811
20200813011821597610391
20200813011821600376405
20200813011821603055475
20200813011821605229986
20200813011821607252679
20200813011821610832279
20200813011821612918582
20200813011821614789946
20200813011821616766566
20200813011821618719867
20200813011821634612481
20200813011821637693026
20200813011821645279657
20200813011821647369303
20200813011821649380688
20200813011821651281411
20200813011821653200959
20200813011821655029751
20200813011821656984477
20200813011821658860498
20200813011821666430319
20200813011821669274599
20200813011821681153059
20200813011821690027985
20200813011821692166876
20200813011821694254163
20200813011821696221091
20200813011821698509261
20200813011821700759572
20200813011821702735252
20200813011821704672600
20200813011821706584523
20200813011821709201583
20200813011821711872242
20200813011821713743624
20200813011821720511823
20200813011821722571996
20200813011821724710737
20200813011821726752280
20200813011821728742703
20200813011821730718518
20200813011821733815946
20200813011821735817024
20200813011821738467450
20200813011821740478221
20200813011821742421427
20200813011821744396899
20200813011821746372130
20200813011821748691780
20200813011821750689900
20200813011821752705193
20200813011821754652728
20200813011821756638035
20200813011821759209499
20200813011821761219612
20200813011821763261598
20200813011821765325805
20200813011821767437326
20200813011821769588259
20200813011821771516729
20200813011821773596998
20200813011821775545874
20200813011821777648411
20200813011821780053915
20200813011821782303201
20200813011821784465483
20200813011821786406744
20200813011821789154755
20200813011821791879537
20200813011821794680089
20200813011821797535437
20200813011821800361835
20200813011821802992320
20200813011821805753300
20200813011821808658137
20200813011821811392173
20200813011821815243531
20200813011821821601239
20200813011821824478687
20200813011821828376756
20200813011821831402504
20200813011821835015475
20200813011821838024665
20200813011821841244698
20200813011821844150950
20200813011821846929429
20200813011821850180307
20200813011821853015840
20200813011821856034596
20200813011821893475016
20200813011821908763167
20200813011821913118036
20200813011821917531280
20200813011821922237794
20200813011821927328829
20200813011821933350217
20200813011821942182706
20200813011821946058482
20200813011821949472380
20200813011821952770275
20200813011821955881270
20200813011821958789609
20200813011821961675991
20200813011821964691407
20200813011821967464622
20200813011821970163578
20200813011821972850229
20200813011821975632205
20200813011821980159453
20200813011821983922964
20200813011821992513106
20200813011821995339527
20200813011821998239583
20200813011822000960753
20200813011822004036212
20200813011822011233733
20200813011822014573872
20200813011822017332035
20200813011822020345395
20200813011822023180008
20200813011822029898948
20200813011822033224751
20200813011822035959554
20200813011822038705373
20200813011822041442685
20200813011822044227132
20200813011822053296797
20200813011822056173083
20200813011822059109172
20200813011822062231115
20200813011822068515533
20200813011822073635169
20200813011822076674783
20200813011822089003214
20200813011822092162390
20200813011822094941965
20200813011822097692979
20200813011822100727849
20200813011822104204092
20200813011822107046608
20200813011822110767375
20200813011822117823031
20200813011822123106304
20200813011822126756482
20200813011822129972432
20200813011822133015596
20200813011822136595364
20200813011822139666530
20200813011822146543610
20200813011822149477568
20200813011822152295096
20200813011822154931704
20200813011822157779271
20200813011822160597063
20200813011822243134785
20200813011822247865144
20200813011822251553803
20200813011822254399653
20200813011822257183849
20200813011822260241847
20200813011822263150816
20200813011822266206500
20200813011822269087301
20200813011822271838236
20200813011822277103265
20200813011822280206934
20200813011822283092886
20200813011822285900406
20200813011822288902587
20200813011822298293220
